1.445,
1.454,
1.640,
1.483,
1.472,
1.570,
1.528,
1.513,
1.560,
1.445,
1.505,
1.540,
1.568,
1.566,
1.462,
1.585,
1.516,
1.538,
1.462,
1.652,
1.502,
1.448,
1.490,
1.500,
1.482,
1.440,
1.550,
1.533,
1.476,
1.540,
1.650,
1.602,
1.433,
1.510,
1.508,
1.442,
1.626,
1.584,
1.622,
1.476,
1.684,
1.592,
1.484,
1.578,
1.520,
1.525,
1.610,
1.432,
1.552,
1.626,
1.629,
1.475,
1.669,
1.570,
1.460,
1.592,
1.460,
1.680,
1.610,
1.686,
1.500,
1.492,
1.554,
1.535,
1.663,
1.533,
1.725,
1.710,
1.610,
1.576,
1.676,
1.564,
1.598,
1.519,
1.484,
1.496,
1.464,
1.668,
1.479,
1.516,
1.653,
1.436,
1.562,
1.452,
1.534,
1.564,
1.606,
1.672,
1.702,
1.512,
1.518,
1.490,
1.497,
1.648,
1.684,
1.626,
1.590,
1.484,
1.490,
1.734