5.303,
5.024,
4.936,
5.065,
4.968,
4.992,
4.930,
5.014,
5.030,
5.021,
5.103,
4.981,
5.060,
4.965,
5.035,
5.001,
4.976,
5.044,
5.090,
5.018,
4.976,
4.989,
4.929,
5.027,
5.008,
4.952,
4.962,
4.998,
5.084,
5.008,
4.934,
4.940,
4.915,
5.078,
4.998,
4.912,
5.040,
5.097,
5.078,
4.978,
4.896,
4.944,
4.925,
4.925,
4.918,
5.092,
4.857,
4.842,
5.024,
4.994,
5.245,
4.963,
4.988,
4.922,
5.014,
4.972,
4.909,
5.108,
5.221,
4.986,
5.165,
4.978,
4.876,
5.100,
5.068,
5.106,
4.882,
5.065,
4.994,
5.200,
4.865,
4.962,
4.952,
5.216,
5.077,
4.962,
5.030,
4.958,
5.088,
4.874,
5.011,
5.024,
5.025,
5.066,
5.058,
5.112,
5.156,
4.952,
5.010,
5.038,
4.977,
5.220,
4.929,
4.844,
5.218,
5.182,
4.990,
5.167,
5.215,
5.020