1.160,
1.046,
1.266,
1.130,
1.099,
1.150,
1.292,
1.030,
0.972,
1.162,
1.052,
1.106,
1.028,
1.114,
1.151,
1.169,
1.244,
1.168,
1.010,
1.011,
0.976,
1.252,
1.071,
1.036,
1.289,
1.154,
1.058,
1.129,
1.063,
1.088,
1.265,
1.280,
1.066,
1.298,
1.055,
0.968,
1.165,
1.148,
0.984,
1.193,
1.090,
1.198,
1.187,
0.814,
0.879,
1.359,
0.830,
1.072,
1.051,
1.011,
1.256,
1.116,
1.005,
1.094,
1.198,
1.318,
1.166,
1.108,
1.105,
0.946,
1.036,
1.042,
1.204,
0.984,
1.235,
0.878,
0.884,
1.126,
0.942,
1.076,
0.950,
1.154,
1.026,
1.115,
1.278,
1.182,
1.220,
1.172,
1.085,
1.117,
1.074,
1.075,
1.200,
1.120,
1.196,
1.261,
1.176,
1.314,
1.180,
1.197,
1.184,
1.024,
1.198,
1.123,
1.129,
1.194,
1.075,
1.024,
1.166,
1.110,
1.224,
1.164,
1.144,
1.186,
1.122
